         0  jmp  0 127.00000
         1  jmp  0   2.00000
         2  sto  0   4.00000
         3  sto  0   3.00000
         4  int  0  10.00000
         5  lod  0   3.00000
         6  lod  0   4.00000
         7  opr  0  10.00000
         8  jpc  0 126.00000
         9  lod  0   3.00000
        10  sto  0   5.00000
        11  lod  0   3.00000
        12  sto  0   6.00000
        13  lod  0   5.00000
        14  lod  0   4.00000
        15  opr  0  10.00000
        16  jpc  0  78.00000
        17  lod  0   5.00000
        18  lit  0   1.00000
        19  sto  1   4.00000
        20  lit  0   1.00000
        21  sto  1   5.00000
        22  lit  0  10.00000
        23  sto  1   6.00000
        24  lay  1   3.00000
        25  lod  0   4.00000
        26  lit  0   1.00000
        27  sto  1   4.00000
        28  lit  0   1.00000
        29  sto  1   5.00000
        30  lit  0  10.00000
        31  sto  1   6.00000
        32  lay  1   3.00000
        33  opr  0  10.00000
        34  jpc  0  73.00000
        35  lod  0   6.00000
        36  lit  0   1.00000
        37  sto  1   4.00000
        38  lit  0   1.00000
        39  sto  1   5.00000
        40  lit  0  10.00000
        41  sto  1   6.00000
        42  lay  1   3.00000
        43  sto  0   7.00000
        44  lod  0   6.00000
        45  lod  0   5.00000
        46  lit  0   1.00000
        47  sto  1   4.00000
        48  lit  0   1.00000
        49  sto  1   5.00000
        50  lit  0  10.00000
        51  sto  1   6.00000
        52  lay  1   3.00000
        53  lit  0   1.00000
        54  sto  1   4.00000
        55  lit  0   1.00000
        56  sto  1   5.00000
        57  lit  0  10.00000
        58  sto  1   6.00000
        59  say  1   3.00000
        60  lod  0   5.00000
        61  lod  0   7.00000
        62  lit  0   1.00000
        63  sto  1   4.00000
        64  lit  0   1.00000
        65  sto  1   5.00000
        66  lit  0  10.00000
        67  sto  1   6.00000
        68  say  1   3.00000
        69  lod  0   6.00000
        70  lit  0   1.00000
        71  opr  0   2.00000
        72  sto  0   6.00000
        73  lod  0   5.00000
        74  lit  0   1.00000
        75  opr  0   2.00000
        76  sto  0   5.00000
        77  jmp  0  13.00000
        78  lod  0   6.00000
        79  lit  0   1.00000
        80  sto  1   4.00000
        81  lit  0   1.00000
        82  sto  1   5.00000
        83  lit  0  10.00000
        84  sto  1   6.00000
        85  lay  1   3.00000
        86  sto  0   7.00000
        87  lod  0   6.00000
        88  lod  0   4.00000
        89  lit  0   1.00000
        90  sto  1   4.00000
        91  lit  0   1.00000
        92  sto  1   5.00000
        93  lit  0  10.00000
        94  sto  1   6.00000
        95  lay  1   3.00000
        96  lit  0   1.00000
        97  sto  1   4.00000
        98  lit  0   1.00000
        99  sto  1   5.00000
       100  lit  0  10.00000
       101  sto  1   6.00000
       102  say  1   3.00000
       103  lod  0   4.00000
       104  lod  0   7.00000
       105  lit  0   1.00000
       106  sto  1   4.00000
       107  lit  0   1.00000
       108  sto  1   5.00000
       109  lit  0  10.00000
       110  sto  1   6.00000
       111  say  1   3.00000
       112  lod  0   3.00000
       113  lod  0   6.00000
       114  lit  0   1.00000
       115  opr  0   3.00000
       116  cal  1   2.00000
       117  opr  0   7.00000
       118  opr  0   7.00000
       119  lod  0   6.00000
       120  lit  0   1.00000
       121  opr  0   2.00000
       122  lod  0   4.00000
       123  cal  1   2.00000
       124  opr  0   7.00000
       125  opr  0   7.00000
       126  opr  0   0.00000
       127  int  0  19.00000
       128  lit  0   1.00000
       129  sto  0  17.00000
       130  lod  0  17.00000
       131  lit  0  10.00000
       132  opr  0  13.00000
       133  jpc  0 149.00000
       134  lod  0  17.00000
       135  opr  0  14.00000
       136  lit  0   1.00000
       137  sto  0   4.00000
       138  lit  0   1.00000
       139  sto  0   5.00000
       140  lit  0  10.00000
       141  sto  0   6.00000
       142  say  0   3.00000
       143  opr  0  15.00000
       144  lod  0  17.00000
       145  lit  0   1.00000
       146  opr  0   2.00000
       147  sto  0  17.00000
       148  jmp  0 130.00000
       149  lit  0   1.00000
       150  lit  0  10.00000
       151  cal  0   2.00000
       152  opr  0   7.00000
       153  opr  0   7.00000
       154  lit  0   1.00000
       155  sto  0  17.00000
       156  lod  0  17.00000
       157  lit  0  10.00000
       158  opr  0  13.00000
       159  jpc  0 175.00000
       160  lod  0  17.00000
       161  lit  0   1.00000
       162  sto  0   4.00000
       163  lit  0   1.00000
       164  sto  0   5.00000
       165  lit  0  10.00000
       166  sto  0   6.00000
       167  lay  0   3.00000
       168  opr  0  24.00000
       169  opr  0  17.00000
       170  lod  0  17.00000
       171  lit  0   1.00000
       172  opr  0   2.00000
       173  sto  0  17.00000
       174  jmp  0 156.00000
       175  opr  0   0.00000
       176  lit  0   0.00000
